32
0.000976562 0.000976562 0.000976562 0.000976562 0.000976562 0.000976562 0.000976562 0.000976562 0.000976562 0.000976562 0.000976562 0.000976562 0.000976562 0.000976562 0.000976562 0.000976562 0.000976562 0.000976562 0.000976562 0.000976562 0.000976562 0.000976562 0.000976562 0.000976562 0.000976562 0.000976562 0.0009765620.000976562 0.000976562 0.000976562 0.000976562 0.000976562
0.000976562 0.000976562 0.000976562 0.000976562 0.000976562 0.000976562 0.000976562 0.000976562 0.000976562 0.000976562 0.000976562 0.000976562 0.000976562 0.000976562 0.000976562 0.000976562 0.000976562 0.000976562 0.000976562 0.000976562 0.000976562 0.000976562 0.000976562 0.000976562 0.000976562 0.000976562 0.0009765620.000976562 0.000976562 0.000976562 0.000976562 0.000976562
0.000976562 0.000976562 0.000976562 0.000976562 0.000976562 0.000976562 0.000976562 0.000976562 0.000976562 0.000976562 0.000976562 0.000976562 0.000976562 0.000976562 0.000976562 0.000976562 0.000976562 0.000976562 0.000976562 0.000976562 0.000976562 0.000976562 0.000976562 0.000976562 0.000976562 0.000976562 0.0009765620.000976562 0.000976562 0.000976562 0.000976562 0.000976562
0.000976562 0.000976562 0.000976562 0.000976562 0.000976562 0.000976562 0.000976562 0.000976562 0.000976562 0.000976562 0.000976562 0.000976562 0.000976562 0.000976562 0.000976562 0.000976562 0.000976562 0.000976562 0.000976562 0.000976562 0.000976562 0.000976562 0.000976562 0.000976562 0.000976562 0.000976562 0.0009765620.000976562 0.000976562 0.000976562 0.000976562 0.000976562
0.000976562 0.000976562 0.000976562 0.000976562 0.000976562 0.000976562 0.000976562 0.000976562 0.000976562 0.000976562 0.000976562 0.000976562 0.000976562 0.000976562 0.000976562 0.000976562 0.000976562 0.000976562 0.000976562 0.000976562 0.000976562 0.000976562 0.000976562 0.000976562 0.000976562 0.000976562 0.0009765620.000976562 0.000976562 0.000976562 0.000976562 0.000976562
0.000976562 0.000976562 0.000976562 0.000976562 0.000976562 0.000976562 0.000976562 0.000976562 0.000976562 0.000976562 0.000976562 0.000976562 0.000976562 0.000976562 0.000976562 0.000976562 0.000976562 0.000976562 0.000976562 0.000976562 0.000976562 0.000976562 0.000976562 0.000976562 0.000976562 0.000976562 0.0009765620.000976562 0.000976562 0.000976562 0.000976562 0.000976562
0.000976562 0.000976562 0.000976562 0.000976562 0.000976562 0.000976562 0.000976562 0.000976562 0.000976562 0.000976562 0.000976562 0.000976562 0.000976562 0.000976562 0.000976562 0.000976562 0.000976562 0.000976562 0.000976562 0.000976562 0.000976562 0.000976562 0.000976562 0.000976562 0.000976562 0.000976562 0.0009765620.000976562 0.000976562 0.000976562 0.000976562 0.000976562
0.000976562 0.000976562 0.000976562 0.000976562 0.000976562 0.000976562 0.000976562 0.000976562 0.000976562 0.000976562 0.000976562 0.000976562 0.000976562 0.000976562 0.000976562 0.000976562 0.000976562 0.000976562 0.000976562 0.000976562 0.000976562 0.000976562 0.000976562 0.000976562 0.000976562 0.000976562 0.0009765620.000976562 0.000976562 0.000976562 0.000976562 0.000976562
0.000976562 0.000976562 0.000976562 0.000976562 0.000976562 0.000976562 0.000976562 0.000976562 0.000976562 0.000976562 0.000976562 0.000976562 0.000976562 0.000976562 0.000976562 0.000976562 0.000976562 0.000976562 0.000976562 0.000976562 0.000976562 0.000976562 0.000976562 0.000976562 0.000976562 0.000976562 0.0009765620.000976562 0.000976562 0.000976562 0.000976562 0.000976562
0.000976562 0.000976562 0.000976562 0.000976562 0.000976562 0.000976562 0.000976562 0.000976562 0.000976562 0.000976562 0.000976562 0.000976562 0.000976562 0.000976562 0.000976562 0.000976562 0.000976562 0.000976562 0.000976562 0.000976562 0.000976562 0.000976562 0.000976562 0.000976562 0.000976562 0.000976562 0.0009765620.000976562 0.000976562 0.000976562 0.000976562 0.000976562
0.000976562 0.000976562 0.000976562 0.000976562 0.000976562 0.000976562 0.000976562 0.000976562 0.000976562 0.000976562 0.000976562 0.000976562 0.000976562 0.000976562 0.000976562 0.000976562 0.000976562 0.000976562 0.000976562 0.000976562 0.000976562 0.000976562 0.000976562 0.000976562 0.000976562 0.000976562 0.0009765620.000976562 0.000976562 0.000976562 0.000976562 0.000976562
0.000976562 0.000976562 0.000976562 0.000976562 0.000976562 0.000976562 0.000976562 0.000976562 0.000976562 0.000976562 0.000976562 0.000976562 0.000976562 0.000976562 0.000976562 0.000976562 0.000976562 0.000976562 0.000976562 0.000976562 0.000976562 0.000976562 0.000976562 0.000976562 0.000976562 0.000976562 0.0009765620.000976562 0.000976562 0.000976562 0.000976562 0.000976562
0.000976562 0.000976562 0.000976562 0.000976562 0.000976562 0.000976562 0.000976562 0.000976562 0.000976562 0.000976562 0.000976562 0.000976562 0.000976562 0.000976562 0.000976562 0.000976562 0.000976562 0.000976562 0.000976562 0.000976562 0.000976562 0.000976562 0.000976562 0.000976562 0.000976562 0.000976562 0.0009765620.000976562 0.000976562 0.000976562 0.000976562 0.000976562
0.000976562 0.000976562 0.000976562 0.000976562 0.000976562 0.000976562 0.000976562 0.000976562 0.000976562 0.000976562 0.000976562 0.000976562 0.000976562 0.000976562 0.000976562 0.000976562 0.000976562 0.000976562 0.000976562 0.000976562 0.000976562 0.000976562 0.000976562 0.000976562 0.000976562 0.000976562 0.0009765620.000976562 0.000976562 0.000976562 0.000976562 0.000976562
0.000976562 0.000976562 0.000976562 0.000976562 0.000976562 0.000976562 0.000976562 0.000976562 0.000976562 0.000976562 0.000976562 0.000976562 0.000976562 0.000976562 0.000976562 0.000976562 0.000976562 0.000976562 0.000976562 0.000976562 0.000976562 0.000976562 0.000976562 0.000976562 0.000976562 0.000976562 0.0009765620.000976562 0.000976562 0.000976562 0.000976562 0.000976562
0.000976562 0.000976562 0.000976562 0.000976562 0.000976562 0.000976562 0.000976562 0.000976562 0.000976562 0.000976562 0.000976562 0.000976562 0.000976562 0.000976562 0.000976562 0.000976562 0.000976562 0.000976562 0.000976562 0.000976562 0.000976562 0.000976562 0.000976562 0.000976562 0.000976562 0.000976562 0.0009765620.000976562 0.000976562 0.000976562 0.000976562 0.000976562
0.000976562 0.000976562 0.000976562 0.000976562 0.000976562 0.000976562 0.000976562 0.000976562 0.000976562 0.000976562 0.000976562 0.000976562 0.000976562 0.000976562 0.000976562 0.000976562 0.000976562 0.000976562 0.000976562 0.000976562 0.000976562 0.000976562 0.000976562 0.000976562 0.000976562 0.000976562 0.0009765620.000976562 0.000976562 0.000976562 0.000976562 0.000976562
0.000976562 0.000976562 0.000976562 0.000976562 0.000976562 0.000976562 0.000976562 0.000976562 0.000976562 0.000976562 0.000976562 0.000976562 0.000976562 0.000976562 0.000976562 0.000976562 0.000976562 0.000976562 0.000976562 0.000976562 0.000976562 0.000976562 0.000976562 0.000976562 0.000976562 0.000976562 0.0009765620.000976562 0.000976562 0.000976562 0.000976562 0.000976562
0.000976562 0.000976562 0.000976562 0.000976562 0.000976562 0.000976562 0.000976562 0.000976562 0.000976562 0.000976562 0.000976562 0.000976562 0.000976562 0.000976562 0.000976562 0.000976562 0.000976562 0.000976562 0.000976562 0.000976562 0.000976562 0.000976562 0.000976562 0.000976562 0.000976562 0.000976562 0.0009765620.000976562 0.000976562 0.000976562 0.000976562 0.000976562
0.000976562 0.000976562 0.000976562 0.000976562 0.000976562 0.000976562 0.000976562 0.000976562 0.000976562 0.000976562 0.000976562 0.000976562 0.000976562 0.000976562 0.000976562 0.000976562 0.000976562 0.000976562 0.000976562 0.000976562 0.000976562 0.000976562 0.000976562 0.000976562 0.000976562 0.000976562 0.0009765620.000976562 0.000976562 0.000976562 0.000976562 0.000976562
0.000976562 0.000976562 0.000976562 0.000976562 0.000976562 0.000976562 0.000976562 0.000976562 0.000976562 0.000976562 0.000976562 0.000976562 0.000976562 0.000976562 0.000976562 0.000976562 0.000976562 0.000976562 0.000976562 0.000976562 0.000976562 0.000976562 0.000976562 0.000976562 0.000976562 0.000976562 0.0009765620.000976562 0.000976562 0.000976562 0.000976562 0.000976562
0.000976562 0.000976562 0.000976562 0.000976562 0.000976562 0.000976562 0.000976562 0.000976562 0.000976562 0.000976562 0.000976562 0.000976562 0.000976562 0.000976562 0.000976562 0.000976562 0.000976562 0.000976562 0.000976562 0.000976562 0.000976562 0.000976562 0.000976562 0.000976562 0.000976562 0.000976562 0.0009765620.000976562 0.000976562 0.000976562 0.000976562 0.000976562
0.000976562 0.000976562 0.000976562 0.000976562 0.000976562 0.000976562 0.000976562 0.000976562 0.000976562 0.000976562 0.000976562 0.000976562 0.000976562 0.000976562 0.000976562 0.000976562 0.000976562 0.000976562 0.000976562 0.000976562 0.000976562 0.000976562 0.000976562 0.000976562 0.000976562 0.000976562 0.0009765620.000976562 0.000976562 0.000976562 0.000976562 0.000976562
0.000976562 0.000976562 0.000976562 0.000976562 0.000976562 0.000976562 0.000976562 0.000976562 0.000976562 0.000976562 0.000976562 0.000976562 0.000976562 0.000976562 0.000976562 0.000976562 0.000976562 0.000976562 0.000976562 0.000976562 0.000976562 0.000976562 0.000976562 0.000976562 0.000976562 0.000976562 0.0009765620.000976562 0.000976562 0.000976562 0.000976562 0.000976562
0.000976562 0.000976562 0.000976562 0.000976562 0.000976562 0.000976562 0.000976562 0.000976562 0.000976562 0.000976562 0.000976562 0.000976562 0.000976562 0.000976562 0.000976562 0.000976562 0.000976562 0.000976562 0.000976562 0.000976562 0.000976562 0.000976562 0.000976562 0.000976562 0.000976562 0.000976562 0.0009765620.000976562 0.000976562 0.000976562 0.000976562 0.000976562
0.000976562 0.000976562 0.000976562 0.000976562 0.000976562 0.000976562 0.000976562 0.000976562 0.000976562 0.000976562 0.000976562 0.000976562 0.000976562 0.000976562 0.000976562 0.000976562 0.000976562 0.000976562 0.000976562 0.000976562 0.000976562 0.000976562 0.000976562 0.000976562 0.000976562 0.000976562 0.0009765620.000976562 0.000976562 0.000976562 0.000976562 0.000976562
0.000976562 0.000976562 0.000976562 0.000976562 0.000976562 0.000976562 0.000976562 0.000976562 0.000976562 0.000976562 0.000976562 0.000976562 0.000976562 0.000976562 0.000976562 0.000976562 0.000976562 0.000976562 0.000976562 0.000976562 0.000976562 0.000976562 0.000976562 0.000976562 0.000976562 0.000976562 0.0009765620.000976562 0.000976562 0.000976562 0.000976562 0.000976562
0.000976562 0.000976562 0.000976562 0.000976562 0.000976562 0.000976562 0.000976562 0.000976562 0.000976562 0.000976562 0.000976562 0.000976562 0.000976562 0.000976562 0.000976562 0.000976562 0.000976562 0.000976562 0.000976562 0.000976562 0.000976562 0.000976562 0.000976562 0.000976562 0.000976562 0.000976562 0.0009765620.000976562 0.000976562 0.000976562 0.000976562 0.000976562
0.000976562 0.000976562 0.000976562 0.000976562 0.000976562 0.000976562 0.000976562 0.000976562 0.000976562 0.000976562 0.000976562 0.000976562 0.000976562 0.000976562 0.000976562 0.000976562 0.000976562 0.000976562 0.000976562 0.000976562 0.000976562 0.000976562 0.000976562 0.000976562 0.000976562 0.000976562 0.0009765620.000976562 0.000976562 0.000976562 0.000976562 0.000976562
0.000976562 0.000976562 0.000976562 0.000976562 0.000976562 0.000976562 0.000976562 0.000976562 0.000976562 0.000976562 0.000976562 0.000976562 0.000976562 0.000976562 0.000976562 0.000976562 0.000976562 0.000976562 0.000976562 0.000976562 0.000976562 0.000976562 0.000976562 0.000976562 0.000976562 0.000976562 0.0009765620.000976562 0.000976562 0.000976562 0.000976562 0.000976562
0.000976562 0.000976562 0.000976562 0.000976562 0.000976562 0.000976562 0.000976562 0.000976562 0.000976562 0.000976562 0.000976562 0.000976562 0.000976562 0.000976562 0.000976562 0.000976562 0.000976562 0.000976562 0.000976562 0.000976562 0.000976562 0.000976562 0.000976562 0.000976562 0.000976562 0.000976562 0.0009765620.000976562 0.000976562 0.000976562 0.000976562 0.000976562
0.000976562 0.000976562 0.000976562 0.000976562 0.000976562 0.000976562 0.000976562 0.000976562 0.000976562 0.000976562 0.000976562 0.000976562 0.000976562 0.000976562 0.000976562 0.000976562 0.000976562 0.000976562 0.000976562 0.000976562 0.000976562 0.000976562 0.000976562 0.000976562 0.000976562 0.000976562 0.0009765620.000976562 0.000976562 0.000976562 0.000976562 0.000976562
